_x:
  c: 5.788740941084997
  m: -0.015673401434115275
_y:
  c: -3.6050933809067613
  m: -0.3808737682826342
