_x:
  c: 1.344947766770854
  m: -0.12358212014082741
_y:
  c: 1.5571588260385907
  m: -0.46470682089462834
