_x:
  c: 2.8537309965161946
  m: -0.22759881226692208
_y:
  c: 0.7647629754618777
  m: -0.42013243278340934
