_x:
  c: 3.0537881848031345
  m: -0.11118833840959408
_y:
  c: -0.9053648743259854
  m: -0.40010467568084257
