_x:
  c: 0.03614797699793387
  m: -0.017728786981792595
_y:
  c: -0.45073777319710595
  m: 0.05714630271406926
