_x:
  c: 3.162667343983023
  m: -0.12686447047681237
_y:
  c: -0.2386733255920852
  m: -0.39234476869609214
