_x:
  c: 1.4424577959126326
  m: -0.12062821853326579
_y:
  c: 1.5236123593640771
  m: -0.46204675018331054
