_x:
  c: 2.6355140760716775
  m: -0.21830127572948213
_y:
  c: 0.6532328206180287
  m: -0.41995626315162815
